{
   "groups" : [
      {
         "all_goals" : [],
         "exit_id" : -1,
         "goal" : {
            "goal_data" : {
               "description" : "",
               "nav_angle_w" : 1,
               "nav_angle_x" : 0,
               "nav_angle_y" : 0,
               "nav_angle_z" : 0,
               "nav_map_name" : "",
               "nav_pose_x" : 0,
               "nav_pose_y" : 0,
               "nav_pose_z" : 0
            },
            "goal_id" : -1
         },
         "points" : [
            {
               "angle_accuracy" : 0.10000001192092896,
               "drive_forward" : -1,
               "group_id" : 0,
               "horn_mode" : -1,
               "id" : 0,
               "map_x" : 1084.1704545454545,
               "map_y" : 1777.2869318181818,
               "nav_max_turn" : 0.20000000000000001,
               "nav_max_vel" : 0.20000000000000001,
               "nav_mode" : 1,
               "patience" : -1,
               "pose" : {
                  "description" : "Point 0",
                  "nav_angle_w" : 0.90629999999999999,
                  "nav_angle_x" : 0,
                  "nav_angle_y" : 0,
                  "nav_angle_z" : 0.42259999999999998,
                  "nav_map_name" : "SUTD_CGH_Lab",
                  "nav_pose_x" : -0.59999999999999998,
                  "nav_pose_y" : 0.44,
                  "nav_pose_z" : 0
               },
               "position_accuracy" : 0.10000001192092896,
               "using_custom_orientation" : true
            },
            {
               "angle_accuracy" : 0.10000001192092896,
               "drive_forward" : 1,
               "group_id" : 0,
               "horn_mode" : -1,
               "id" : 1,
               "map_x" : 1056.7102272727273,
               "map_y" : 1839.3267045454547,
               "nav_max_turn" : 0.5,
               "nav_max_vel" : 0.5,
               "nav_mode" : 1,
               "patience" : -1,
               "pose" : {
                  "description" : "Point 1",
                  "nav_angle_w" : 0.54805712873752632,
                  "nav_angle_x" : 0,
                  "nav_angle_y" : -0,
                  "nav_angle_z" : -0.83644090265838789,
                  "nav_map_name" : "SUTD_CGH_Lab",
                  "nav_pose_x" : -1.1599999999999999,
                  "nav_pose_y" : -0.80000000000000004,
                  "nav_pose_z" : 0
               },
               "position_accuracy" : 0.10000001192092896,
               "using_custom_orientation" : false
            }
         ],
         "repeat_count" : 0,
         "start_id" : -1
      }
   ],
   "repeat_count" : 0
}
