{
   "groups" : [
      {
         "all_goals" : [],
         "exit_id" : -1,
         "goal" : {
            "goal_data" : {
               "description" : "",
               "nav_angle_w" : 1,
               "nav_angle_x" : 0,
               "nav_angle_y" : 0,
               "nav_angle_z" : 0,
               "nav_map_name" : "",
               "nav_pose_x" : 0,
               "nav_pose_y" : 0,
               "nav_pose_z" : 0
            },
            "goal_id" : -1
         },
         "points" : [
            {
               "angle_accuracy" : 0.10000001192092896,
               "drive_forward" : 1,
               "group_id" : 0,
               "horn_mode" : -1,
               "id" : 0,
               "map_x" : 1571.0884353741496,
               "map_y" : 1081.5170068027212,
               "nav_max_turn" : 0.5,
               "nav_max_vel" : 0.5,
               "nav_mode" : 1,
               "patience" : 1,
               "pose" : {
                  "description" : "Point 0",
                  "nav_angle_w" : 0.71340729775034073,
                  "nav_angle_x" : 0,
                  "nav_angle_y" : 0,
                  "nav_angle_z" : -0.70074961827785309,
                  "nav_map_name" : "NCCS_map",
                  "nav_pose_x" : -9.4199999999999999,
                  "nav_pose_y" : 7.2999999999999998,
                  "nav_pose_z" : 0
               },
               "position_accuracy" : 0.10000001192092896,
               "using_custom_orientation" : false
            },
            {
               "angle_accuracy" : 0.10000001192092896,
               "drive_forward" : 1,
               "group_id" : 0,
               "horn_mode" : -1,
               "id" : 1,
               "map_x" : 1578.1836734693877,
               "map_y" : 1472.2619047619048,
               "nav_max_turn" : 0.5,
               "nav_max_vel" : 0.5,
               "nav_mode" : 1,
               "patience" : 1,
               "pose" : {
                  "description" : "Point 1",
                  "nav_angle_w" : 0.98692900720600074,
                  "nav_angle_x" : 0,
                  "nav_angle_y" : 0,
                  "nav_angle_z" : -0.16115562272343403,
                  "nav_map_name" : "NCCS_map",
                  "nav_pose_x" : -9.2799999999999994,
                  "nav_pose_y" : -0.52000000000000002,
                  "nav_pose_z" : 0
               },
               "position_accuracy" : 0.10000001192092896,
               "using_custom_orientation" : false
            },
            {
               "angle_accuracy" : 0.10000001192092896,
               "drive_forward" : 1,
               "group_id" : 0,
               "horn_mode" : -1,
               "id" : 2,
               "map_x" : 1730.2312134155991,
               "map_y" : 1523.0839265938935,
               "nav_max_turn" : 0.5,
               "nav_max_vel" : 0.5,
               "nav_mode" : 1,
               "patience" : 1,
               "pose" : {
                  "description" : "Point 2",
                  "nav_angle_w" : 1,
                  "nav_angle_x" : 0,
                  "nav_angle_y" : 0,
                  "nav_angle_z" : 0,
                  "nav_map_name" : "NCCS_map",
                  "nav_pose_x" : -6.2400000000000002,
                  "nav_pose_y" : -1.54,
                  "nav_pose_z" : 0
               },
               "position_accuracy" : 0.10000001192092896,
               "using_custom_orientation" : true
            }
         ],
         "repeat_count" : 0,
         "start_id" : -1
      }
   ],
   "repeat_count" : 0
}
